# Blender 3.6.5
# www.blender.org
mtllib Cards.mtl
o Cube
v -0.015340 0.000000 0.009001
v -0.015340 0.010000 0.009001
v -0.138213 0.000000 -0.077035
v -0.138213 0.010000 -0.077035
v 0.042018 0.000000 -0.072914
v 0.042018 0.010000 -0.072914
v -0.080855 0.000000 -0.158951
v -0.080855 0.010000 -0.158951
vn -0.5736 -0.0000 0.8192
vn -0.8192 -0.0000 -0.5736
vn 0.5736 -0.0000 -0.8192
vn 0.8192 -0.0000 0.5736
vn -0.0000 -1.0000 -0.0000
vn -0.0000 1.0000 -0.0000
vt 0.375000 0.000000
vt 0.625000 0.000000
vt 0.625000 0.250000
vt 0.375000 0.250000
vt 0.625000 0.500000
vt 0.375000 0.500000
vt 0.625000 0.750000
vt 0.375000 0.750000
vt 0.625000 1.000000
vt 0.375000 1.000000
vt 0.125000 0.500000
vt 0.125000 0.750000
vt 0.875000 0.500000
vt 0.875000 0.750000
s 0
f 1/1/1 2/2/1 4/3/1 3/4/1
f 3/4/2 4/3/2 8/5/2 7/6/2
f 7/6/3 8/5/3 6/7/3 5/8/3
f 5/8/4 6/7/4 2/9/4 1/10/4
f 3/11/5 7/6/5 5/8/5 1/12/5
f 8/5/6 4/13/6 2/14/6 6/7/6
o Cube.001
v -0.018224 0.010000 0.006211
v -0.018224 0.020000 0.006211
v -0.104261 0.010000 -0.116661
v -0.104261 0.020000 -0.116661
v 0.063691 0.010000 -0.051146
v 0.063691 0.020000 -0.051146
v -0.022346 0.010000 -0.174019
v -0.022346 0.020000 -0.174019
vn -0.8192 -0.0000 0.5736
vn -0.5736 -0.0000 -0.8192
vn 0.8192 -0.0000 -0.5736
vn 0.5736 -0.0000 0.8192
vn -0.0000 -1.0000 -0.0000
vn -0.0000 1.0000 -0.0000
vt 0.375000 0.000000
vt 0.625000 0.000000
vt 0.625000 0.250000
vt 0.375000 0.250000
vt 0.625000 0.500000
vt 0.375000 0.500000
vt 0.625000 0.750000
vt 0.375000 0.750000
vt 0.625000 1.000000
vt 0.375000 1.000000
vt 0.125000 0.500000
vt 0.125000 0.750000
vt 0.875000 0.500000
vt 0.875000 0.750000
s 0
f 9/15/7 10/16/7 12/17/7 11/18/7
f 11/18/8 12/17/8 16/19/8 15/20/8
f 15/20/9 16/19/9 14/21/9 13/22/9
f 13/22/10 14/21/10 10/23/10 9/24/10
f 11/25/11 15/20/11 13/22/11 9/26/11
f 16/19/12 12/27/12 10/28/12 14/21/12
o Cube.002
v -0.012249 0.020000 0.001932
v -0.012249 0.030000 0.001932
v -0.051072 0.020000 -0.142956
v -0.051072 0.030000 -0.142956
v 0.084344 0.020000 -0.023950
v 0.084344 0.030000 -0.023950
v 0.045521 0.020000 -0.168838
v 0.045521 0.030000 -0.168838
vn -0.9659 -0.0000 0.2588
vn -0.2588 -0.0000 -0.9659
vn 0.9659 -0.0000 -0.2588
vn 0.2588 -0.0000 0.9659
vn -0.0000 -1.0000 -0.0000
vn -0.0000 1.0000 -0.0000
vt 0.375000 0.000000
vt 0.625000 0.000000
vt 0.625000 0.250000
vt 0.375000 0.250000
vt 0.625000 0.500000
vt 0.375000 0.500000
vt 0.625000 0.750000
vt 0.375000 0.750000
vt 0.625000 1.000000
vt 0.375000 1.000000
vt 0.125000 0.500000
vt 0.125000 0.750000
vt 0.875000 0.500000
vt 0.875000 0.750000
s 0
f 17/29/13 18/30/13 20/31/13 19/32/13
f 19/32/14 20/31/14 24/33/14 23/34/14
f 23/34/15 24/33/15 22/35/15 21/36/15
f 21/36/16 22/35/16 18/37/16 17/38/16
f 19/39/17 23/34/17 21/36/17 17/40/17
f 24/33/18 20/41/18 18/42/18 22/35/18
o Cube.003
v -0.008326 0.030000 -0.000795
v -0.008326 0.040000 -0.000795
v 0.004747 0.030000 -0.150224
v 0.004747 0.040000 -0.150224
v 0.091293 0.030000 0.007920
v 0.091293 0.040000 0.007920
v 0.104366 0.030000 -0.141509
v 0.104366 0.040000 -0.141509
vn -0.9962 -0.0000 -0.0872
vn 0.0872 -0.0000 -0.9962
vn 0.9962 -0.0000 0.0872
vn -0.0872 -0.0000 0.9962
vn -0.0000 -1.0000 -0.0000
vn -0.0000 1.0000 -0.0000
vt 0.375000 0.000000
vt 0.625000 0.000000
vt 0.625000 0.250000
vt 0.375000 0.250000
vt 0.625000 0.500000
vt 0.375000 0.500000
vt 0.625000 0.750000
vt 0.375000 0.750000
vt 0.625000 1.000000
vt 0.375000 1.000000
vt 0.125000 0.500000
vt 0.125000 0.750000
vt 0.875000 0.500000
vt 0.875000 0.750000
s 0
f 25/43/19 26/44/19 28/45/19 27/46/19
f 27/46/20 28/45/20 32/47/20 31/48/20
f 31/48/21 32/47/21 30/49/21 29/50/21
f 29/50/22 30/49/22 26/51/22 25/52/22
f 27/53/23 31/48/23 29/50/23 25/54/23
f 32/47/24 28/55/24 26/56/24 30/49/24
o Cube.004
v -0.003285 0.040000 -0.004674
v -0.003285 0.050000 -0.004674
v 0.060108 0.040000 -0.140620
v 0.060108 0.050000 -0.140620
v 0.087346 0.040000 0.037588
v 0.087346 0.050000 0.037588
v 0.150739 0.040000 -0.098358
v 0.150739 0.050000 -0.098358
vn -0.9063 -0.0000 -0.4226
vn 0.4226 -0.0000 -0.9063
vn 0.9063 -0.0000 0.4226
vn -0.4226 -0.0000 0.9063
vn -0.0000 -1.0000 -0.0000
vn -0.0000 1.0000 -0.0000
vt 0.375000 0.000000
vt 0.625000 0.000000
vt 0.625000 0.250000
vt 0.375000 0.250000
vt 0.625000 0.500000
vt 0.375000 0.500000
vt 0.625000 0.750000
vt 0.375000 0.750000
vt 0.625000 1.000000
vt 0.375000 1.000000
vt 0.125000 0.500000
vt 0.125000 0.750000
vt 0.875000 0.500000
vt 0.875000 0.750000
s 0
f 33/57/25 34/58/25 36/59/25 35/60/25
f 35/60/26 36/59/26 40/61/26 39/62/26
f 39/62/27 40/61/27 38/63/27 37/64/27
f 37/64/28 38/63/28 34/65/28 33/66/28
f 35/67/29 39/62/29 37/64/29 33/68/29
f 40/61/30 36/69/30 34/70/30 38/63/30
